1.371977539062500000e+02 3.145461463928222656e+01 5.189163208007812500e+02
2.147286529541015625e+02 1.947318649291992188e+01 5.447528076171875000e+02
2.346945190429687500e+02 7.546653270721435547e+00 5.808982543945312500e+02
2.417477722167968750e+02 -6.600915431976318359e+00 6.188864746093750000e+02
2.299406738281250000e+02 -2.095847511291503906e+01 6.600932617187500000e+02
2.025700988769531250e+02 -3.084709739685058594e+01 6.874603271484375000e+02
1.633466186523437500e+02 -3.582621765136718750e+01 7.091076049804687500e+02
1.217242813110351562e+02 -3.773265075683593750e+01 7.154389038085937500e+02
1.045305862426757812e+02 -2.220506858825683594e+01 7.276535644531250000e+02
1.028047409057617188e+02 -5.068611907958984375e+01 7.131219482421875000e+02
1.454205017089843750e+02 -2.037819862365722656e+01 7.135940551757812500e+02
1.465335845947265625e+02 -5.269782257080078125e+01 7.023025512695312500e+02
1.802649383544921875e+02 -2.095454788208007812e+01 7.026040649414062500e+02
1.786789703369140625e+02 -4.814123916625976562e+01 6.928822021484375000e+02
2.171326904296875000e+02 -1.091758155822753906e+01 6.806884155273437500e+02
2.159683990478515625e+02 -4.421636581420898438e+01 6.686247558593750000e+02
2.366338958740234375e+02 6.423822879791259766e+00 6.467970581054687500e+02
2.361824035644531250e+02 -3.673323440551757812e+01 6.324691772460937500e+02
2.333771514892578125e+02 1.761460685729980469e+01 6.045145263671875000e+02
2.374634704589843750e+02 -1.657720947265625000e+01 5.926137695312500000e+02
2.244008483886718750e+02 3.004151153564453125e+01 5.687270507812500000e+02
2.259221649169921875e+02 -4.219529151916503906e+00 5.552667236328125000e+02
1.969681396484375000e+02 3.712425994873046875e+01 5.361804809570312500e+02
1.970403137207031250e+02 1.209572410583496094e+01 5.258753662109375000e+02
1.354606323242187500e+02 6.070193862915039062e+01 5.341639404296875000e+02
1.360925445556640625e+02 9.054598212242126465e-01 5.114983520507812500e+02
1.551884460449218750e+02 4.540424346923828125e+01 5.254454956054687500e+02
1.565368804931640625e+02 1.509561252593994141e+01 5.145428466796875000e+02
2.330696563720703125e+02 3.261730957031250000e+01 6.288484497070312500e+02
2.343173217773437500e+02 -4.337720108032226562e+01 6.015343017578125000e+02
2.126006622314453125e+02 -7.924122619628906250e+01 6.088733520507812500e+02
1.789787292480468750e+02 -9.009786224365234375e+01 5.783527221679687500e+02
2.297735137939453125e+02 -2.344042015075683594e+01 5.690416259765625000e+02
2.106498260498046875e+02 -6.163157653808593750e+01 5.691026000976562500e+02
2.281367034912109375e+02 3.836728286743164062e+01 5.921696166992187500e+02
2.070454864501953125e+02 6.702803802490234375e+01 6.150272216796875000e+02
2.072011413574218750e+02 5.626884078979492188e+01 6.572626342773437500e+02
1.695687561035156250e+02 7.882447814941406250e+01 6.424307861328125000e+02
1.206764221191406250e+02 -6.362640762329101562e+01 7.016108398437500000e+02
1.238847122192382812e+02 -1.409196281433105469e+01 7.183757324218750000e+02
1.568919219970703125e+02 -7.542883300781250000e+01 6.871594238281250000e+02
1.572236480712890625e+02 7.670867443084716797e+00 7.143146972656250000e+02
1.975960083007812500e+02 -5.952286911010742188e+01 6.768995361328125000e+02
1.960157623291015625e+02 -2.261050701141357422e+00 6.960986328125000000e+02
1.892343444824218750e+02 -8.321195220947265625e+01 6.606383666992187500e+02
1.646008300781250000e+02 -8.715747833251953125e+01 6.729092407226562500e+02
1.303340148925781250e+02 -9.360141754150390625e+01 6.844739379882812500e+02
1.092645034790039062e+02 -9.262516021728515625e+01 6.698388671875000000e+02
1.837804718017578125e+02 -9.590994262695312500e+01 6.385847167968750000e+02
1.689899291992187500e+02 -1.026511154174804688e+02 6.175603637695312500e+02
1.513984222412109375e+02 -1.013960723876953125e+02 5.989077148437500000e+02
1.372503509521484375e+02 -9.500647735595703125e+01 5.812062377929687500e+02
1.342555694580078125e+02 -1.042761230468750000e+02 6.172836303710937500e+02
1.510393981933593750e+02 -1.040004119873046875e+02 6.349457397460937500e+02
1.633643188476562500e+02 -9.866349792480468750e+01 6.520587768554687500e+02
1.466450653076171875e+02 -9.647011566162109375e+01 6.662284545898437500e+02
1.279362487792968750e+02 -1.015107879638671875e+02 6.505486450195312500e+02
1.037609863281250000e+02 -7.348380279541015625e+01 6.941705322265625000e+02
1.378045654296875000e+02 -7.493559265136718750e+01 6.937761230468750000e+02
1.771071472167968750e+02 -6.790966796875000000e+01 6.842597656250000000e+02
2.082049560546875000e+02 -8.490197753906250000e+01 6.279364013671875000e+02
2.105682067871093750e+02 -7.315264129638671875e+01 6.519178466796875000e+02
2.276975097656250000e+02 -5.765002822875976562e+01 6.466817626953125000e+02
1.198616790771484375e+02 7.183600616455078125e+01 5.449910278320312500e+02
1.342251281738281250e+02 7.978807830810546875e+01 5.581411743164062500e+02
1.157789764404296875e+02 9.094394683837890625e+01 5.745910034179687500e+02
1.014483718872070312e+02 8.787123107910156250e+01 5.964453735351562500e+02
1.486072235107421875e+02 7.613923645019531250e+01 6.622125244140625000e+02
1.343018035888671875e+02 8.194659423828125000e+01 6.462575683593750000e+02
1.340343475341796875e+02 7.229426574707031250e+01 6.766152954101562500e+02
1.664949035644531250e+02 6.270906829833984375e+01 6.772906494140625000e+02
1.789078979492187500e+02 4.734282684326171875e+01 6.884795532226562500e+02
1.857705230712890625e+02 2.628255081176757812e+01 6.987047119140625000e+02
1.607915039062500000e+02 2.443978500366210938e+01 7.085834960937500000e+02
1.603518829345703125e+02 4.317100524902343750e+01 6.999299926757812500e+02
1.483912048339843750e+02 5.753560638427734375e+01 6.905892944335937500e+02
1.298014831542968750e+02 5.211705017089843750e+01 7.032846679687500000e+02
9.153961181640625000e+01 4.619923019409179688e+01 7.016035766601562500e+02
1.410854339599609375e+02 3.388042831420898438e+01 7.089504394531250000e+02
1.006573791503906250e+02 5.292470932006835938e+00 7.249984130859375000e+02
1.266230239868164062e+02 2.187564849853515625e+01 7.166530151367187500e+02
2.006914978027343750e+02 4.879686355590820312e+01 6.733580322265625000e+02
2.076123352050781250e+02 2.350270271301269531e+01 6.859934692382812500e+02
2.245786285400390625e+02 1.447286415100097656e+01 6.704979248046875000e+02
1.590601806640625000e+02 -8.592578125000000000e+01 5.648294677734375000e+02
1.372503356933593750e+02 -7.816477966308593750e+01 5.538550415039062500e+02
1.174528808593750000e+02 -6.847358703613281250e+01 5.465333862304687500e+02
1.005284042358398438e+02 -5.948379898071289062e+01 5.395872192382812500e+02
1.034335937500000000e+02 -7.805467987060546875e+01 5.591776733398437500e+02
1.186152572631835938e+02 -4.574897766113281250e+01 5.253352050781250000e+02
1.348703918457031250e+02 -3.157745742797851562e+01 5.164091186523437500e+02
1.518392333984375000e+02 -1.409351921081542969e+01 5.118658752441406250e+02
1.707752227783203125e+02 -1.094883441925048828e+01 5.140198364257812500e+02
1.758222198486328125e+02 -2.978681755065917969e+01 5.190944213867187500e+02
2.102735290527343750e+02 -1.658235549926757812e+01 5.324384765625000000e+02
2.158942565917968750e+02 -3.152307510375976562e+01 5.489918212890625000e+02
1.875787658691406250e+02 -5.815156936645507812e+01 5.411714477539062500e+02
1.727184448242187500e+02 -7.266587829589843750e+01 5.505411376953125000e+02
1.570436706542968750e+02 -6.685958099365234375e+01 5.396584472656250000e+02
1.387068939208984375e+02 -5.893738555908203125e+01 5.308867187500000000e+02
1.976078338623046875e+02 -3.214587402343750000e+01 5.302025756835937500e+02
1.694899749755859375e+02 -4.581267929077148438e+01 5.296527099609375000e+02
1.825480499267578125e+02 7.864662933349609375e+01 5.940893554687500000e+02
1.676303405761718750e+02 8.549347686767578125e+01 6.094086303710937500e+02
1.530261535644531250e+02 8.780980682373046875e+01 5.984534912109375000e+02
1.354941253662109375e+02 8.632277679443359375e+01 5.870605468750000000e+02
1.472845153808593750e+02 8.102291107177734375e+01 5.687857666015625000e+02
9.798087310791015625e+01 9.004269409179687500e+01 6.151495971679687500e+02
2.109491119384765625e+02 5.798724746704101562e+01 5.772938232421875000e+02
2.094242706298828125e+02 4.689648437500000000e+01 5.563914794921875000e+02
1.899726257324218750e+02 5.743563842773437500e+01 5.466210937500000000e+02
1.907348937988281250e+02 6.946535491943359375e+01 5.672150268554687500e+02
1.689873046875000000e+02 6.513273620605468750e+01 5.441900024414062500e+02
1.485022735595703125e+02 7.064373016357421875e+01 5.439095458984375000e+02
1.628564300537109375e+02 8.205392456054687500e+01 5.784530639648437500e+02
1.157161483764648438e+02 8.957509613037109375e+01 6.008732910156250000e+02
1.353119506835937500e+02 9.196120452880859375e+01 6.158768310546875000e+02
1.546991882324218750e+02 8.915948486328125000e+01 6.312455444335937500e+02
1.757752380371093750e+02 9.225797057151794434e-01 7.086754150390625000e+02
1.409299163818359375e+02 6.990967750549316406e+00 7.168173217773437500e+02
1.041614532470703125e+02 -8.475470733642578125e+01 5.958252563476562500e+02
1.044419097900390625e+02 2.344676399230957031e+01 5.295888671875000000e+02
1.026070175170898438e+02 7.803990173339843750e+01 6.405762329101562500e+02
